-3.727748971573084e-05
-3.53485942715114e-05
-0.09912328900459208
-4.257238506415441e-07
-0.08707921831162785
0.02959763891677748
-0.0030743455484171915
0.035079598967117834
0.29306035921642226
0.6257174246518751
-0.8326972256401032
-0.06478927604722982
0.0003526218364653939
-0.004949232994417604
-0.7466052850955539
0.9051035033842023
-0.0652166880614657
-0.02454250949028162
6.565789622519586e-05
1.1577014376833551e-05
-3.562159523936201e-05
-2.7519657225364106e-05
-0.6600058928939485
-4.359064304994322e-05
-3.262203932548482e-05
-0.6251208602178432
1.6056995947941513
1.1619729286763224e-05
-1.1895228414752646e-05
0.6899878939896972
-4.0045389084216086e-05
-2.942632937461511e-05
-0.29499832620704103
-1.6057029118183674
-9.62666009583872e-06
-3.104067279735444e-05
