-2.0719309731739793e-06
-1.2966435885280028e-06
-7.983737090462206e-07
2.160837178387901e-06
-2.5923823068007205e-06
1.1431645643032523e-06
-2.0118978680042128e-06
-8.796769458311811e-07
2.3079785492813375e-06
-1.2362050197509555e-06
1.8134734497130038e-06
-1.6816116851378682e-06
5.438574434636759e-06
6.468809666650156e-07
-5.159278116911895e-06
2.5972481768676825e-06
5.24568508137429e-06
4.1082939748388553e-07
-2.741471176720356e-07
-2.7414711767208615e-07
-2.7414711767281677e-07
-2.741471176715407e-07
-2.7414711767190833e-07
-2.741471176723188e-07
-2.7414711767175856e-07
-2.741471176718313e-07
-2.7414711767169784e-07
-2.741471176719277e-07
-2.741471176721173e-07
-2.741471176718193e-07
-2.7414711767223804e-07
-2.741471176716027e-07
-2.741471176721449e-07
-2.7414711767197726e-07
-2.7414711767157693e-07
-2.741471176723943e-07
