-0.079853794073822
0.12839720892748394
-0.28311796593652594
0.0823811642881043
-1.2135069504882194
-0.5415594694092234
0.26724105759971123
0.3490658503988659
0.7330382858376184
1.6852511491640239
-1.3089969389957472
0.29774866787396936
0.31573548570391735
0.3258343811123679
-0.41334940374576856
1.6502055027900575
-0.1436204102368497
0.3490658503988659
0.7853981633974483
-0.08726646259971647
-0.0011571389151733542
-0.01779161719516238
-2.0286543118143108
0.12824867979374144
0.01669022007801719
-1.8417594436361895
1.6057029118347832
-0.0060639121932895505
-0.0002287917610507177
1.0471975511965976
-0.07364641756553679
-0.00019879173439511002
-0.5062969570243037
-1.6057029118347832
-0.0023629668442912413
-9.219277286614299e-05
