0.03732474709321409
0.12365236352912275
-0.1268500670721705
0.2351870254824921
-0.3460727651249018
-0.22135926249153892
-0.05677248520407166
0.09178285309334623
0.12774151929439184
0.7891725960937653
-0.8176627078834344
-0.09988865300318271
-0.013944313365284292
-0.10154836491402039
-0.3074076959520262
1.1406078470852115
-0.07680188076005338
-0.02000675305871999
0.18367609956394743
-0.22392700488082776
-2.6492462003487564e-05
0.0002668838571163858
-0.8919507756821067
-0.0011454836536591172
-0.0003977231568518902
-0.7413124913310454
1.6056482033931374
2.6963430307566732e-05
2.661081260014227e-06
0.8410826877513949
-0.0001896257237483834
-5.451662302426045e-05
-0.22836884899892668
-1.6056311493344027
0.0
0.0
