-0.03980977356141031
0.24050455840964033
-0.16319123378270256
-0.18147022014530215
-1.2159470997955966
-0.6660563502115482
0.1426193675183145
0.21321479830191886
0.5389026477970335
1.422641677647879
-0.7394090148529728
0.4664684889784322
0.19244479309794169
0.2111985845877724
0.2571842893235842
1.5223107941690432
-0.5588585401903381
0.4727809455684562
0.5557698749200752
-0.6056734194471828
-0.0007476225129137243
-0.011842776928848551
-0.9124322230460123
0.08552769370947544
0.011148512454359681
-0.8110925678607108
1.6059519476839939
-0.004050179001451259
-0.00014451868713131704
1.0656537670928448
-0.04907094896762581
-0.00011309042032599724
-0.14086591617031838
-1.6063052581843988
-0.0015688638707961335
-4.063948909448331e-05
