-3.782219009037753e-05
-3.541723726763106e-05
-0.10478630804012937
4.482542157425958e-07
-0.08664881638790131
0.028932713129644808
-0.0031351151918251785
0.0354400172029382
0.2939994250480169
0.6262719120840156
-0.8335333726313748
-0.06440245591509397
0.00036229701353766755
-0.004889546588004454
-0.7471181215010941
0.9019391981086607
-0.0681369218837257
-0.023921583618501524
6.656023055677632e-05
1.1340558541567777e-05
-3.568794450803597e-05
-2.7618100847806355e-05
-0.6600061753289901
-4.355498319267179e-05
-3.269116723119661e-05
-0.6251207883656608
1.6056994213662081
1.138616415696974e-05
-1.1969151440998353e-05
0.689987967090434
-3.9979038099129155e-05
-2.950878754855405e-05
-0.29499837415802416
-1.6057029118347832
-9.712140473209092e-06
-3.110966499802916e-05
